1.314014
1.480268
-0.266333
-0.617616
0.721048
0.589192
0.276825
1.314032
0.358660
0.417102
1.814306
1.670816
-0.313775
-1.021767
0.107894
0.841504
0.013623
0.525465
-0.626863
0.508784
3.246255
1.272183
0.820052
0.774426
-0.735424
-0.741298
0.591326
0.596242
0.103196
-0.187248
-3.312592
-1.716321
1.100025
-0.109644
-0.669452
0.421453
1.358798
0.161813
0.663137
0.152274
2.763982
-2.421168
-2.036604
-1.964541
0.081758
-1.315592
0.293730
-0.427538
0.221470
-0.236285
-1.765488
-1.475820
0.160243
1.219163
-0.946264
0.442847
-1.610365
-0.452559
0.711775
0.231633
-2.986109
0.043415
-0.987177
-0.259331
-0.206448
1.343487
-0.572159
0.219408
-0.873601
-0.945377
-1.300033
-1.376338
0.793414
0.003809
-0.001988
-0.158121
0.217484
0.745865
-0.618071
-1.188958
3.290252
-0.570847
-0.262723
0.182134
2.199864
-0.216504
0.053476
1.301802
0.227193
0.045158
4.056688
0.351142
0.043391
-0.512688
-0.068329
1.769642
-0.990372
0.475322
-2.005121
0.897657
6.517935
-0.803333
-1.782953
0.633488
-1.049066
1.421241
-0.449849
-0.254843
0.419188
-0.921258
-1.773507
1.037874
0.983130
-0.863475
0.552356
0.396445
-1.070388
0.160509
-0.534478
-1.652000
-2.212987
1.844365
-0.388363
-0.332821
0.633719
1.200271
-0.757352
0.110540
-0.593948
0.130672
1.378138
-0.162403
0.371689
-0.275227
1.322892
1.370426
1.919854
0.257733
-0.483753
1.198761
2.282220
-0.845180
0.752739
1.202358
1.554544
-1.040445
0.241113
0.340263
-0.851633
0.056714
-3.512833
1.069241
-1.413820
-0.190189
-1.461180
0.136170
1.232709
-1.142814
-0.504960
0.383578
-2.919059
0.213156
-1.890316
-0.295815
-1.613539
-1.064109
0.816923
-0.504041
-0.174499
0.090404
-0.983695
-1.566385
0.999070
0.095997
-1.603507
-1.560772
-0.498503
0.925344
0.989782
0.280179
0.410316
-0.588114
1.289972
0.169447
-0.209451
-0.564712
-1.091095
0.737827
1.218148
0.507160
0.813473
-0.199221
1.078853
-0.143764
1.873234
-0.294514
-0.343412
-0.630517
0.516153
-0.074209
