-0.9907229264580917 -0.023008667917115602 0.04884164099988881 -0.04376483399474455 -0.05379001413679596 -0.013280544075684799 0.02297728536853388 0.01283429263909089 0.014187122395518673 -0.013566050305132164 
0.029666192402159203 0.23904901448424587 0.9094938908056486 -0.16668864469256076 -0.11633107570398221 0.05403185769522628 0.028864434306342217 -0.01568965743384278 -0.028410825826850693 0.13920567262610536 
0.022902530721793744 -0.8454135206458304 0.05003425383302473 -0.4417297526372764 -0.10384461396399715 0.025614079783032664 -0.005566594709304525 0.025314013043882987 -0.025339683978834928 0.11673135336510176 
0.0008732364300165963 0.4566917922295289 -0.36471132326592043 -0.6819810637143562 -0.3234472741230427 0.06095817574865869 0.09514205638538692 0.01379478013806501 0.03913594465854616 0.16656956857960814 
0.007976257841417539 -0.07813951425519194 -0.0637446820811824 0.48468576123774443 -0.8059339598589382 -0.04699114570601838 0.09667929116890393 0.09013658746722644 -0.007442840498646214 0.1909931485484929 
-0.016661556096064654 0.026913599772784517 -0.015694894308008585 0.013026565204691753 0.1784175726985149 -0.8929966243374216 0.24400684736216066 -0.12027220281581724 0.0383733374365892 0.16779535927355135 
-0.03052346597170894 -0.02645903464434793 -0.05808362703380968 0.1536520744561235 0.2726916857546809 0.38962105684046366 0.7930823793587852 -0.0901107034025286 0.059167854206917884 0.23461046206132397 
-0.044001170512377404 0.005663171109306063 -0.059159173886275875 0.09365000590508896 0.022231132196683236 0.1399792141727457 -0.32591106093105804 -0.8632262433185808 0.07759824271351196 0.17363600829686263 
-0.028071115197577007 0.021459999268168623 -0.020267638954039036 0.09855447925762771 0.2019275758993026 0.07664696730888138 -0.30751165943819875 0.36854599815756295 0.7083678553992829 0.3507473494685427 
-0.026836446105718427 0.03485450390938732 -0.07063113165835341 0.06120351524481717 0.16604800108821588 0.040447569177500524 -0.20613540805345004 0.1568375113932318 -0.5561119621091583 0.704629359099442 
-0.04256748738111182 0.05917990921690564 -0.033707347755621044 0.06100955064413188 0.14955569140770084 0.06325455962161342 -0.13187903477128587 0.22272496988075935 -0.3772052133602993 -0.322657133449 
-0.029775433602811027 0.00891217440288526 -0.02793899317257484 0.041651769974844884 0.08895736560388944 -0.0016678217536712798 -0.0998835373496129 0.04555510536903248 -0.1113835243183143 0.15362171917558665 
-0.037169501533586585 0.03356569332845966 -0.04730212226811558 0.05751611710427037 0.04344588467868413 0.008101431376188517 -0.08396018066629883 0.0323575513210645 0.01179403373486076 -0.05154946014657917 
-0.029827545683591528 0.010423530143365719 -0.051403900349819065 0.031979626462327077 0.02984204284868963 0.011095472579864643 -0.04549048267550933 0.021045020905599152 -0.01355645607524881 -0.017861425036778743 
-0.031236617364535577 0.01720232663615971 -0.02437971459164588 0.04608856063764383 -0.008563423442814643 0.014835108715420152 -0.024922272403627526 0.025686206508543443 -0.055772572412205956 -0.04893102444278048 
-0.03189092259526965 0.004723999388225733 -0.021870447412001684 0.042636382286323396 0.030556848374908782 0.041620461024443514 -0.0201660746385535 -0.007507811964033332 0.02801892932592218 -0.05395038415161531 
-0.020417112397269722 0.00012097568638340638 -0.030617676958642003 0.010776584797358213 0.0355447296345392 0.03544840613969594 -0.016347453314820872 -0.04193946116123762 -0.020392345097256792 -0.10369006933501976 
-0.016535362505956153 0.009743925433856106 -0.03932036900353927 0.03672979152182059 0.022077759038259866 0.03316334564677926 -0.017940145633580512 0.017371242447859078 -0.024312479414747252 -0.010997470566410206 
-0.02304435416857438 0.05503079308469359 -0.03922458728316576 0.04640412547235342 0.020760090238637573 0.029913101579379896 -0.015224712988553088 0.028062050783309603 -0.03333405914783025 -0.057529361083216664 
-0.024467600449172244 0.012622574601007503 -0.03562201944846003 0.04294107787924003 0.05409948951632222 0.04837738546335392 -0.05513002106125276 0.053559684468332494 -0.09209024011974062 0.011056862002249606 
-0.02462059958053408 0.022655803310648412 -0.04537482413737039 0.03539297960918378 0.04822710902236873 0.0046780912729282465 -0.06245787222352084 0.021132521635956306 0.008337847215695573 -0.06916477786203118 
-0.023996998579014512 0.0075049352843925944 -0.020585923252983352 0.04736547521782952 0.025493171660394054 0.026430660109092775 -0.04094287139741539 0.043137767812236716 -0.016769523653384466 -0.0900370793669984 
-0.028383165852910407 0.01802922813103067 -0.0188458017941928 0.04501594811623711 0.029524384524810873 0.017904175273833083 -0.01617458439184769 -0.013698226694510514 -0.02158504708781676 -0.05872053612962822 
-0.0227610615044245 0.013544328711371954 -0.013033032055338917 0.03287899371148434 0.013155840317110798 0.006901813544564142 -0.009998951840243409 -0.0001926435625041993 -0.05559838242724424 -0.03829662284584435 
-0.02734644013404583 0.016593255438372617 -0.03257537693290687 0.016209340134993703 0.017481823264479352 -0.01886233413087008 -0.03318623709480771 0.01908901312147077 -0.02493655589314221 0.026054111841371227 
-0.01759053811471278 0.005075041519344463 -0.03325118679624154 0.055582105759870104 -0.010375013608787368 -0.028116528162601715 -0.0010215323996514974 0.0005663334585759267 0.026174533234901605 -0.030621978899939013 
